Ensemble for 4 classifiers:
visualFetC (Avg and Merged_Lasso), audioFetA (Ridge (Avg and Merged_Ridge)):
Training:Testing = 75:25

HERE (2670, 5)
(2670, 5)
(2670, 5)
(2670, 5)
(2670, 5)
HERE (890, 5)
(890, 5)
(890, 5)
(890, 5)
(890, 5)
The best ensembles on validation
[ 0.9089  0.9089  0.9089  0.9089  0.9089  0.9089  0.9088  0.9088  0.9088
  0.9088  0.9088  0.9088  0.9088  0.9088  0.9088  0.9088  0.9088  0.9088
  0.9088  0.9088]
[ 0.0596  0.2449  0.2743  0.4212] 0.908896110899
[ 0.1372  0.4343  0.3176  0.111 ] 0.908888092857
[ 0.3585  0.3926  0.1689  0.0799] 0.908876457874
[ 0.2317  0.4033  0.2361  0.1289] 0.908875102128
[ 0.21    0.559   0.0808  0.1501] 0.908865396128
[ 0.5626  0.216   0.0265  0.1949] 0.908853248416
[ 0.1613  0.0171  0.2557  0.5659] 0.908840868893
[ 0.0944  0.5237  0.03    0.3519] 0.908838213061
[ 0.6421  0.0334  0.3173  0.0072] 0.908837014818
[ 0.3887  0.1277  0.3759  0.1077] 0.908815047755
[ 0.3018  0.3943  0.2284  0.0754] 0.908812712097
[ 0.0468  0.1414  0.2385  0.5733] 0.908801716404
[ 0.3896  0.3328  0.2631  0.0144] 0.908790754661
[ 0.8588  0.0319  0.0901  0.0192] 0.908777131073
[ 0.4758  0.1033  0.3125  0.1083] 0.908764321317
[ 0.0486  0.4958  0.0251  0.4305] 0.908759848755
[ 0.4565  0.1884  0.0741  0.281 ] 0.90875760824
[ 0.4911  0.1604  0.0832  0.2653] 0.908757436982
[ 0.3048  0.2385  0.0682  0.3885] 0.908755746593
[ 0.132   0.1618  0.049   0.6571] 0.908751521803
The best ensembles on validation
[ 0.909   0.9089  0.9089  0.9089  0.9089  0.9089  0.9089  0.9088  0.9088
  0.9088  0.9088  0.9088  0.9088  0.9088  0.9088  0.9088  0.9088  0.9088
  0.9088  0.9088]
[ 0.4011  0.1498  0.2258  0.2233] 0.90895273015
[ 0.1944  0.3651  0.1714  0.2691] 0.908920233142
[ 0.1582  0.065   0.0428  0.7339] 0.908918435445
[ 0.0044  0.4944  0.052   0.4491] 0.908909951561
[ 0.0403  0.0391  0.6735  0.2471] 0.908874611062
[ 0.4148  0.0515  0.2289  0.3048] 0.908871878722
[ 0.7082  0.0793  0.0644  0.1481] 0.908868350618
[ 0.203   0.0883  0.6458  0.0629] 0.908841448958
[ 0.1924  0.3873  0.1072  0.313 ] 0.908814618689
[ 0.4108  0.3699  0.0627  0.1565] 0.908812526836
[ 0.1535  0.3399  0.158   0.3486] 0.908809161029
[ 0.1077  0.2022  0.0646  0.6256] 0.908805372838
[ 0.4612  0.0215  0.2807  0.2366] 0.908804906326
[ 0.3842  0.0497  0.1359  0.4302] 0.908798242735
[ 0.2192  0.1957  0.2514  0.3336] 0.908794511355
[ 0.163   0.2076  0.5592  0.0702] 0.908788322518
[ 0.0868  0.1334  0.1524  0.6275] 0.90878401912
[ 0.2552  0.6348  0.0699  0.04  ] 0.908769421948
[ 0.1543  0.4319  0.1228  0.291 ] 0.908769336459
[ 0.0466  0.2271  0.1991  0.5271] 0.908759039518
The best ensembles on validation
[ 0.9073  0.9072  0.9071  0.9071  0.9071  0.9071  0.9071  0.9071  0.9071
  0.9071  0.907   0.907   0.907   0.907   0.9069  0.9069  0.9069  0.9069
  0.9069  0.9069]
[ 0.3305  0.3445  0.2033  0.1216] 0.907265416043
[ 0.2675  0.0402  0.1586  0.5338] 0.907157083358
[ 0.1246  0.7502  0.0998  0.0254] 0.907148097402
[ 0.3001  0.0263  0.0317  0.6419] 0.907113068493
[ 0.0811  0.4128  0.4644  0.0418] 0.907104200059
[ 0.3502  0.0613  0.2343  0.3542] 0.907077635682
[ 0.1864  0.3611  0.2339  0.2186] 0.907072929366
[ 0.7649  0.0478  0.1365  0.0507] 0.907072032068
[ 0.05    0.3559  0.3247  0.2694] 0.907056316496
[ 0.0177  0.8373  0.0603  0.0847] 0.90705098813
[ 0.573   0.2397  0.093   0.0943] 0.907025015703
[ 0.2193  0.1666  0.3077  0.3064] 0.907013083618
[ 0.2101  0.4787  0.1119  0.1994] 0.90700403169
[ 0.1094  0.6579  0.1176  0.1151] 0.906952886503
[ 0.2342  0.6034  0.0971  0.0653] 0.906945127756
[ 0.5451  0.4067  0.0208  0.0274] 0.906929929821
[ 0.4003  0.1659  0.0619  0.3719] 0.906916885265
[ 0.4087  0.0373  0.0354  0.5187] 0.906907539208
[ 0.1272  0.5107  0.0268  0.3353] 0.906893219749
[ 0.3411  0.0344  0.4475  0.177 ] 0.906892487305
The best ensembles on validation
[ 0.9088  0.9088  0.9087  0.9087  0.9087  0.9087  0.9087  0.9087  0.9087
  0.9086  0.9086  0.9086  0.9086  0.9086  0.9086  0.9086  0.9086  0.9086
  0.9086  0.9086]
[ 0.5579  0.1062  0.1754  0.1606] 0.908757092707
[ 0.0612  0.0509  0.8109  0.077 ] 0.908752039282
[ 0.2322  0.1209  0.4639  0.183 ] 0.908743524008
[ 0.1746  0.0977  0.3764  0.3513] 0.908737591224
[ 0.0644  0.6059  0.2722  0.0575] 0.908733042325
[  1.4720e-04   7.4321e-01   9.7267e-02   1.5938e-01] 0.908691170021
[ 0.0723  0.045   0.0168  0.8658] 0.90866055998
[ 0.7133  0.0185  0.1223  0.1459] 0.908656817512
[ 0.4157  0.1845  0.2567  0.1431] 0.908653910873
[ 0.3158  0.1711  0.1628  0.3503] 0.908648884563
[ 0.4437  0.2367  0.2613  0.0582] 0.908648559578
[ 0.141   0.4735  0.0818  0.3037] 0.908646451733
[ 0.0052  0.1616  0.6629  0.1704] 0.908645995066
[ 0.4058  0.2712  0.0884  0.2346] 0.908641367426
[ 0.3323  0.1403  0.457   0.0704] 0.90863943539
[ 0.008   0.3144  0.0762  0.6015] 0.908629568694
[ 0.3022  0.2917  0.1239  0.2821] 0.90862088675
[ 0.6844  0.2307  0.0642  0.0207] 0.908614162198
[ 0.162   0.2494  0.4313  0.1573] 0.908601055868
[ 0.376   0.1949  0.3387  0.0903] 0.908597414606
The best ensembles on validation
[ 0.912   0.912   0.912   0.9119  0.9119  0.9118  0.9118  0.9118  0.9118
  0.9118  0.9118  0.9118  0.9118  0.9118  0.9117  0.9117  0.9117  0.9117
  0.9117  0.9117]
[ 0.09    0.5681  0.0308  0.311 ] 0.912032977747
[ 0.543   0.0841  0.3536  0.0194] 0.911999589115
[ 0.718   0.1427  0.0164  0.1229] 0.911962511899
[ 0.1685  0.4692  0.3042  0.0581] 0.911921856135
[ 0.0422  0.0806  0.4911  0.3861] 0.911862401908
[ 0.0308  0.0238  0.8039  0.1415] 0.911848011622
[ 0.2603  0.2712  0.3141  0.1544] 0.911827732213
[ 0.1566  0.1857  0.5614  0.0963] 0.911818153003
[ 0.0213  0.0773  0.726   0.1753] 0.911808123288
[ 0.2431  0.3555  0.3558  0.0456] 0.911803950526
[ 0.5908  0.0132  0.1649  0.2311] 0.911790092486
[ 0.028   0.1461  0.1783  0.6476] 0.911782740012
[ 0.0969  0.1282  0.0565  0.7183] 0.911766344736
[ 0.5605  0.0549  0.1218  0.2628] 0.911761205421
[ 0.0653  0.1642  0.1325  0.638 ] 0.911746986075
[ 0.4824  0.3751  0.1208  0.0217] 0.911730517171
[ 0.0304  0.1748  0.7296  0.0652] 0.911708891918
[ 0.0412  0.6983  0.1271  0.1335] 0.911704668533
[ 0.5808  0.105   0.0859  0.2284] 0.91168917035
[ 0.1487  0.1291  0.107   0.6152] 0.911685952326
[[48, 36, 0, 51, 4, 6, 2, 1, 39, 64, 5, 9, 38, 37, 7, 70, 3, 23, 16, 14], [56, 36, 34, 45, 63, 64, 54, 59, 19, 4, 70, 92, 16, 81, 66, 57, 58, 73, 98, 9], [82, 83, 1, 28, 18, 84, 4, 80, 81, 54, 35, 25, 77, 29, 11, 93, 26, 91, 5, 6], [41, 1, 14, 89, 56, 26, 55, 19, 97, 11, 7, 12, 71, 16, 22, 17, 23, 0, 40, 39], [49, 19, 84, 87, 81, 11, 67, 91, 41, 7, 10, 40, 65, 43, 48, 21, 96, 80, 44, 0]]

Ensemble for 4 classifiers:
visualFetC (Avg and Merged_Lasso), audioFetA (Ridge (Avg and Merged_Ridge)):
Training:Testing = 90:10

HERE (3204, 5)
(3204, 5)
(3204, 5)
(3204, 5)
(3204, 5)
HERE (356, 5)
(356, 5)
(356, 5)
(356, 5)
(356, 5)
The best ensembles on validation
[ 0.8979  0.8979  0.8979  0.8979  0.8979  0.8978  0.8978  0.8978  0.8978
  0.8978  0.8978  0.8977  0.8977  0.8977  0.8977  0.8977  0.8977  0.8977
  0.8977  0.8977]
[ 0.0549  0.1854  0.1383  0.6214] 0.897941508611
[ 0.1441  0.1847  0.3429  0.3282] 0.89790472027
[ 0.0558  0.1626  0.2026  0.5791] 0.897895835804
[ 0.1982  0.6191  0.1127  0.0701] 0.897889861886
[ 0.2315  0.2573  0.2989  0.2123] 0.897871839408
[ 0.5102  0.0222  0.2949  0.1726] 0.89784291315
[ 0.1672  0.2519  0.0438  0.5372] 0.897818434452
[ 0.0074  0.4429  0.0693  0.4804] 0.897790955206
[ 0.3004  0.2764  0.199   0.2242] 0.897784969413
[ 0.0712  0.4403  0.0035  0.485 ] 0.897779136969
[ 0.1149  0.332   0.4837  0.0694] 0.897752393417
[ 0.4909  0.182   0.2281  0.0989] 0.897748663582
[ 0.1165  0.5744  0.0917  0.2174] 0.897746491317
[ 0.1622  0.1557  0.1718  0.5103] 0.897731077453
[ 0.1484  0.3062  0.1965  0.3489] 0.897728804613
[ 0.1585  0.0622  0.5021  0.2772] 0.897722420888
[ 0.0312  0.0205  0.4252  0.523 ] 0.897718793084
[  6.3068e-02   3.3345e-04   7.0482e-01   2.3178e-01] 0.897709358533
[ 0.1262  0.4483  0.1485  0.277 ] 0.897696323695
[ 0.4908  0.2373  0.0861  0.1858] 0.897694134523
The best ensembles on validation
[ 0.9041  0.9041  0.904   0.904   0.904   0.904   0.9039  0.9039  0.9039
  0.9039  0.9039  0.9038  0.9038  0.9038  0.9038  0.9037  0.9037  0.9037
  0.9037  0.9036]
[ 0.3782  0.1297  0.0587  0.4334] 0.904128602772
[ 0.1604  0.1444  0.5029  0.1923] 0.904079045195
[ 0.4517  0.1104  0.1039  0.334 ] 0.904039847798
[ 0.1714  0.0748  0.6826  0.0712] 0.904039217218
[ 0.3106  0.1577  0.471   0.0607] 0.903963827913
[ 0.5524  0.148   0.2874  0.0122] 0.903961017489
[ 0.599   0.1322  0.2627  0.006 ] 0.903935175291
[ 0.0815  0.1002  0.5418  0.2764] 0.903901708085
[ 0.6909  0.2274  0.0503  0.0314] 0.903857654733
[ 0.4492  0.2663  0.1204  0.1641] 0.903857100183
[ 0.101   0.1299  0.3316  0.4375] 0.903850078515
[ 0.2213  0.1115  0.29    0.3773] 0.903836838722
[ 0.0501  0.1513  0.4661  0.3325] 0.903815252035
[ 0.3282  0.0337  0.6342  0.0039] 0.90381105131
[ 0.1877  0.1471  0.4537  0.2116] 0.903796108649
[ 0.3577  0.3149  0.251   0.0764] 0.903748152035
[ 0.061   0.1045  0.169   0.6655] 0.903746408001
[ 0.1627  0.216   0.5639  0.0574] 0.903719987482
[ 0.028   0.3764  0.3334  0.2622] 0.903657819012
[ 0.2534  0.2916  0.1481  0.3069] 0.903639620651
The best ensembles on validation
[ 0.9024  0.9023  0.9023  0.9022  0.9022  0.9022  0.9021  0.9021  0.9021
  0.9021  0.902   0.902   0.902   0.902   0.902   0.902   0.9019  0.9018
  0.9018  0.9018]
[ 0.037   0.1437  0.4048  0.4145] 0.902421152736
[ 0.0408  0.6391  0.2779  0.0422] 0.90233114046
[ 0.0449  0.2193  0.5048  0.231 ] 0.902278975542
[ 0.4278  0.217   0.288   0.0672] 0.902225053288
[ 0.1306  0.1619  0.2621  0.4454] 0.902199953469
[ 0.1428  0.3581  0.1784  0.3208] 0.902172853076
[ 0.3534  0.055   0.2244  0.3672] 0.902128233906
[ 0.0588  0.2479  0.1531  0.5402] 0.902126616815
[ 0.0026  0.5631  0.0353  0.3989] 0.902118468397
[ 0.5339  0.0899  0.0469  0.3293] 0.902076262846
[ 0.0329  0.7076  0.1263  0.1331] 0.902004741393
[ 0.5756  0.0256  0.0393  0.3595] 0.901991069676
[ 0.5203  0.2028  0.269   0.0078] 0.901990171792
[ 0.0832  0.0847  0.6599  0.1722] 0.901978062672
[ 0.4275  0.4403  0.0846  0.0476] 0.901963615866
[ 0.0156  0.0203  0.1053  0.8588] 0.901951679737
[ 0.5125  0.2342  0.2189  0.0344] 0.901930671541
[ 0.8845  0.0039  0.0241  0.0875] 0.901834648076
[ 0.1374  0.0352  0.4823  0.3451] 0.901807153077
[ 0.0805  0.4687  0.0832  0.3677] 0.901781764229
The best ensembles on validation
[ 0.9046  0.9044  0.9043  0.9042  0.9039  0.9039  0.9038  0.9038  0.9038
  0.9038  0.9038  0.9037  0.9037  0.9037  0.9037  0.9037  0.9037  0.9036
  0.9036  0.9036]
[ 0.1564  0.1341  0.3239  0.3856] 0.904641705838
[ 0.1845  0.402   0.2024  0.211 ] 0.904405145428
[ 0.2452  0.3427  0.379   0.033 ] 0.904311574353
[ 0.1396  0.1898  0.3249  0.3457] 0.904234100256
[ 0.361   0.0354  0.3287  0.275 ] 0.903873952148
[ 0.1381  0.4624  0.3819  0.0176] 0.903851348911
[ 0.2433  0.1589  0.5183  0.0795] 0.903844273528
[ 0.13    0.0082  0.8162  0.0457] 0.903832850169
[ 0.0774  0.5094  0.1495  0.2636] 0.903822936402
[ 0.1893  0.6002  0.2019  0.0086] 0.9038204668
[ 0.3748  0.0238  0.1636  0.4378] 0.903777882721
[ 0.2248  0.5528  0.0842  0.1381] 0.90372848011
[ 0.0384  0.3227  0.4095  0.2294] 0.903727559654
[ 0.4679  0.0017  0.1927  0.3377] 0.903724766339
[ 0.2337  0.1532  0.164   0.4491] 0.903710122175
[ 0.018   0.7874  0.1045  0.0902] 0.90370951648
[ 0.0259  0.557   0.3216  0.0954] 0.903678681861
[ 0.0249  0.3363  0.0722  0.5667] 0.903634151351
[ 0.1081  0.1423  0.5023  0.2474] 0.903625635716
[ 0.5306  0.4554  0.0047  0.0093] 0.903620802634
The best ensembles on validation
[ 0.9081  0.908   0.9079  0.9079  0.9078  0.9078  0.9078  0.9078  0.9078
  0.9078  0.9077  0.9077  0.9077  0.9077  0.9077  0.9077  0.9077  0.9076
  0.9076  0.9076]
[ 0.3994  0.2572  0.2621  0.0813] 0.908086420757
[ 0.1527  0.3536  0.0449  0.4489] 0.9079613655
[ 0.2481  0.3696  0.0121  0.3702] 0.90786785924
[ 0.1599  0.0708  0.1659  0.6035] 0.907851629794
[ 0.296   0.261   0.0736  0.3694] 0.907831099209
[ 0.0446  0.3828  0.4714  0.1013] 0.907825750158
[ 0.0372  0.0614  0.0438  0.8576] 0.90780178235
[ 0.0744  0.4175  0.5076  0.0006] 0.907793814041
[ 0.4128  0.1766  0.2041  0.2065] 0.907783435675
[ 0.3088  0.1896  0.0021  0.4995] 0.907758656923
[ 0.0578  0.2793  0.3009  0.3621] 0.907749482806
[ 0.2446  0.0116  0.0341  0.7096] 0.907738111657
[ 0.1029  0.4295  0.2025  0.2651] 0.90771883478
[ 0.1293  0.1172  0.4134  0.34  ] 0.907705840069
[ 0.1802  0.5198  0.1301  0.17  ] 0.907682868115
[ 0.058   0.3247  0.2922  0.3251] 0.907680143637
[ 0.0739  0.4449  0.4155  0.0657] 0.907661237794
[ 0.0669  0.3129  0.4226  0.1976] 0.9076410196
[ 0.0294  0.2557  0.2616  0.4533] 0.90763038477
[ 0.1725  0.0442  0.7597  0.0236] 0.907628261167
[[86, 91, 17, 71, 75, 7, 66, 77, 85, 41, 42, 0, 38, 28, 30, 1, 76, 4, 70, 23], [17, 58, 40, 57, 41, 76, 9, 18, 43, 3, 80, 59, 30, 52, 13, 24, 77, 29, 51, 37], [49, 43, 60, 59, 42, 40, 13, 62, 64, 19, 50, 11, 38, 3, 10, 55, 54, 28, 29, 26], [78, 60, 91, 39, 16, 63, 2, 79, 97, 28, 65, 81, 47, 24, 12, 56, 85, 52, 15, 77], [83, 85, 82, 94, 20, 46, 64, 87, 59, 10, 65, 98, 0, 18, 28, 61, 38, 67, 80, 53]]


Validation Results:

weights = [[0.376, 0.4, 0.098, 0.126], [0.1584, 0.432, 0.1466, 0.263], [0.0713, 0.5766, 0.1618, 0.1904], 
 				 [0.0905, 0.7361, 0.0786, 0.0947], [0.1688, 0.3957, 0.319, 0.1164]]

Accuracy: 0.903464
Extraversion: 0.903714
Agreeableness: 0.909608
Conscientiousness: 0.898103
Neuroticism: 0.900127
Openness: 0.905768

Validation Results:

weights = [[0.0596, 0.2449, 0.2743, 0.4212], [0.1584, 0.432, 0.1466, 0.263], [0.0713, 0.5766, 0.1618, 0.1904], 
					[0.1564, 0.1341, 0.3239, 0.3856], [0.1688, 0.3957, 0.319, 0.1164]]

Accuracy: 0.903591
Extraversion: 0.902705
Agreeableness: 0.909608
Conscientiousness: 0.898103
Neuroticism: 0.901773
Openness: 0.905768

Validation Results:

weights = [[0.376, 0.4, 0.098, 0.126], [0.1584, 0.432, 0.1466, 0.263], [0.037, 0.1437, 0.4048, 0.4145], 
					[0.1564, 0.1341, 0.3239, 0.3856], [0.1688, 0.3957, 0.319, 0.1164]]

Conscientiousness decreases

weights = [[0.376, 0.4, 0.098, 0.126], [0.1584, 0.432, 0.1466, 0.263], [0.037, 0.1437, 0.4048, 0.4145], 
				[0.0744, 0.4175, 0.5076, 0.0006], [0.1688, 0.3957, 0.319, 0.1164]]

Neuroticism increases
